155.50 287.50
149.50 287.50
149.50 281.50
145.00 281.50
145.00 269.00
158.50 269.00
158.50 292.00
178.00 292.00
178.00 324.50
160.50 324.50
160.50 344.50
122.50 344.50
122.50 359.00
60.00 359.00
60.00 353.00
63.00 353.00
63.00 361.50
83.00 361.50
83.00 361.50
83.00 371.00
118.50 371.00
118.50 376.00
152.00 376.00
168.50 376.00
168.50 370.00
177.00 370.00
177.00 368.50
170.00 387.00
126.00 387.00
126.00 408.50
91.00 408.50
91.00 444.50
60.50 444.50
60.50 448.00
56.00 448.00
56.00 424.50
93.00 424.50
93.00 413.50
127.00 413.50
127.00 412.00
158.50 412.00
158.50 415.00
173.50 414.50
172.50 414.00
171.50 423.50
176.00 423.50
176.00 438.00
164.00 438.00
