<?xml version="1.0" encoding="UTF-8" standalone="no"?>
<!DOCTYPE svg PUBLIC "-//W3C//DTD SVG 20010904//EN"
              "http://www.w3.org/TR/2001/REC-SVG-20010904/DTD/svg10.dtd">

<svg xmlns="http://www.w3.org/2000/svg"
     width="7.49906in" height="2.94755in"
     viewBox="0 0 720 283">
  <path id="Unnamed"
        fill="none" stroke="black" stroke-width="1"
        d="M 35.14,119.04
           C 35.14,119.04 31.15,107.07 31.15,107.07
             31.15,107.07 22.37,113.85 22.37,113.85
             22.37,113.85 19.98,122.63 19.98,122.63
             19.98,122.63 41.93,140.19 41.93,140.19
             41.93,140.19 75.85,122.23 75.85,122.23
             75.85,122.23 109.37,17.67 109.37,17.67
             109.37,17.67 102.19,30.44 102.19,30.44
             102.19,30.44 126.53,112.65 126.53,112.65
             126.53,112.65 127.33,128.22 127.33,128.22
             127.33,128.22 121.34,140.19 121.34,140.19
             121.34,140.19 118.95,132.61 118.95,132.61
             118.95,132.61 134.91,95.89 134.91,95.89
             134.91,95.89 159.25,55.59 159.25,55.59
             159.25,55.59 198.76,18.87 198.76,18.87
             198.76,18.87 180.41,40.82 180.41,40.82
             180.41,40.82 163.24,92.30 163.24,92.30
             163.24,92.30 163.24,129.81 163.24,129.81
             163.24,129.81 171.63,138.59 171.63,138.59
             171.63,138.59 182.80,135.00 182.80,135.00
             182.80,135.00 188.67,126.67 188.67,126.67" />
</svg>
