<?xml version="1.0" encoding="UTF-8" standalone="no"?>
<!DOCTYPE svg PUBLIC "-//W3C//DTD SVG 20010904//EN"
              "http://www.w3.org/TR/2001/REC-SVG-20010904/DTD/svg10.dtd">

<svg xmlns="http://www.w3.org/2000/svg"
     width="7.49906in" height="2.94755in"
     viewBox="0 0 720 283">
  <path id="Unnamed"
        fill="none" stroke="black" stroke-width="1"
        d="M 188.67,125.67
           C 188.67,125.67 183.33,136.00 183.33,136.00
             183.33,136.00 171.63,138.59 171.63,138.59
             171.63,138.59 163.24,129.81 163.24,129.81
             163.24,129.81 163.24,92.30 163.24,92.30
             163.24,92.30 179.00,42.67 179.00,42.67
             179.00,42.67 198.67,19.00 198.67,19.00
             198.67,19.00 159.25,55.59 159.25,55.59
             159.25,55.59 138.33,87.67 138.33,87.67
             138.33,87.67 118.95,132.61 118.95,132.61
             118.95,132.61 121.34,140.19 121.34,140.19
             121.34,140.19 127.67,129.33 127.67,129.33
             127.67,129.33 126.53,112.65 126.53,112.65
             126.53,112.65 102.19,30.44 102.19,30.44
             102.19,30.44 109.37,17.67 109.37,17.67
             109.37,17.67 75.85,122.23 75.85,122.23
             75.85,122.23 41.93,140.19 41.93,140.19
             41.93,140.19 25.00,130.33 25.00,130.33
             25.00,130.33 22.37,113.85 22.37,113.85
             22.37,113.85 31.15,107.07 31.15,107.07
             31.15,107.07 35.14,119.04 35.14,119.04" />
</svg>
